$ 1 0.000005 10.20027730826997 50 5 50 5e-11
162 544 304 544 384 2 default-led 1 0 0 0.01
162 576 304 576 384 2 default-led 1 0 0 0.01
162 640 384 640 304 2 default-led 1 0 0 0.01
162 672 384 672 304 2 default-led 1 0 0 0.01
162 816 304 816 384 2 default-led 1 0 0 0.01
162 784 304 784 384 2 default-led 1 0 0 0.01
w 544 304 560 304 0
w 576 304 560 304 0
w 560 304 560 272 0
w 560 272 656 272 0
w 656 272 656 304 0
w 640 304 656 304 0
w 672 304 656 304 0
w 800 272 800 304 0
w 784 304 800 304 0
w 816 304 800 304 0
w 816 384 800 384 0
w 800 384 784 384 0
w 672 384 656 384 0
w 656 384 640 384 0
w 576 384 560 384 0
w 560 384 544 384 0
w 560 384 560 416 0
w 656 384 656 416 0
w 800 384 800 464 0
w 560 416 608 416 0
w 608 416 656 416 0
w 608 416 608 464 0
162 912 384 912 304 2 default-led 1 0 0 0.01
w 608 464 512 464 0
w 800 464 912 464 0
! charlieplex\sdriver 0 D,C,B,A 1,2,3 charlieplex\sdriver 0000\q___\n0001\q_10\n001?\q_01\n01??\q1_0\n1???\q0_1\n
208 240 240 336 240 8192 3 charlieplex\sdriver 0.000006301591387433433 2.6523812532472824 2.999993698412089
x 505 314 521 317 4 24 A
x 690 321 706 324 4 24 B
x 834 321 851 324 4 24 C
x 935 320 952 323 4 24 D
r 512 464 432 464 0 100
r 912 384 912 464 0 100
w 432 464 432 304 0
w 432 304 336 304 0
L 240 336 192 336 0 1 false 5 0
L 240 304 192 304 0 1 false 5 0
L 240 272 192 272 0 1 false 5 0
L 240 240 192 240 0 1 false 5 0
w 800 464 608 464 0
w 912 240 800 240 0
w 912 304 912 240 0
w 560 272 336 272 0
w 800 272 800 240 0
w 800 240 336 240 0

